202124100735 姚玉阳	15	1867	 
  1   4   3   0   1   19   0   8   1   1   0 1   0   0   4 
12
202124100816 罗毅	15	2205	 
  1   3   1   0   0   8   0   5   0   0   0   1   0   0   0 
14
202124100630 颜涛	13	2490	 
  0   0   1   1   4   0   0   0   0   0   0   0   4 
11
202124100641 周舟	15	2913	
  1   3   1   0   1   3   0   11   0   0   0   0   0   0   2 
7
202124100301 蔡从轩	15	3124	 
  0   8   3   0   1   4   1   0   0   2   0   3   2   0   0 
33
202124100409 古晨峰	15	3812	 
  1   5   1   0   0   2   0   0   0   0   0   0   0   0   0 
24
202124100342 朱柯桦	14	4074	 
  0   3   3   0   0   8   0   3   1   1   0   0   0   0 
7
202124100526 师相龙	15	4610	 
  0   2   3   0   0   14   0   0   1   0   0   0   0   0   0 
13
202124100330 王政	15	4750	 
  0   0   1   0   1   14   1   3   0   1   1   0   1   0   1 
18
202107070508 高宇轩	12	5711	 
  5   2   2   0   2   1    0   2   2   1   2   2 
30
202124100635 张佳昊	15	5998	 
  1   3   5   0   1   3   0   0   0   1   1   1   0   0   0 
26
202124100241 赵柏茗	15	6026	 
  1   2   3   0   1   3   1   1   0   3   1   0   2   0   2 
23
202124100815 刘鑫龙	15	6037	 
  4   8   5   0   5   4   1   1   0   1   2   0   0   0   12 
34
202124100237 杨甜甜	15	6240	 
  0   0   2   0   1   6   1   2   0   3   1   0   0   0   0 
14
202124100239 叶子彬	15	6739	 
1   1   2   0   2   15   1   2   0   5   4   0   0   0   1 
23
202124100231 王斌斌	15	33608	 
  0   10   2   0   6   9   0   0   0   9   0   0   0   0   0 
14
202132060410 贾中天	15	33965	 
  1   5   8   1   2   5   2   4   0   8   0   0   0   10   4 
12
202124100705 黄辉	15	34271	 
  5   5   0   0   0   4   0   6   0   0   0   0   0   1   0 
13
202124100601 查连杰	15	35367	 
  0   0   0   0   0   0   0   0   0   1   0   0   0   0   0 
43
202106010530 张子鑫	15	36776	 
  0   1   3   8   7   0   1   2   0   0   0   0   0   0   0 
22
202103000106 郭翼警	15	37054	 
  2   3   2   1   7   13   1   2   0   3   1   4   0   14   5 
17
202124100636 张佳琪	15	37518	 
  4   7   6   3   5   12   3   5   3   1   7   6   0   1   3 
15
202151081423 王红雨	10	315120	 
  3   7   3   3   0   5     0   0   0   0   
8
202124100728 王世博	15	37628	 
  0   2   2   0   2   6   3   3   0   0   0   1   0   1   4 
23
202124100119 刘欣怡	15	38647	 
  7   4   0   5   3   7   3   5   0   0   4   2   0   0   0 
29
202124100238 姚佳文	15	39528	 
  0   4   5   4   6   48   2   2   0   5   3   1   0   0   3 
32
202178040206 程祥	15	40605	 
  0   6   2   1   5   3   0   1   2   0   0   0   0   0   6 
19
202178030243 张城硕	15	41129	 
  3   3   7   0   4   12   0   5   1   6   2   0   3   4   1 
22
202124100340 赵国阳	14	41381	 
  0   0   1   1   0   0   1   0   5   0   0   1   0   0 
32
202124100712 李栋	15	42984	 
  0   0   4   0   6   2   0   1   1   0   1   0   0   2   1 
33
202124100832 谢天贵	15	43495	 
  1   1   1   0   1   8   0   1   0   2   2   0   0   0   0 
24
202124100213 李浩宇	15	43748	 
  0   3   2   0   11   4   1   13   0   0   6   1   0   4   0 
25
202124100214 李敬严	15	44067	 
  0   0   2   0   4   2   0   22   0   1   0   0   0   13   1 
26
202124100829 吴骏	15	46201	 
  0   5   5   0   6   13   9   13   2   1   12   2   0   0   4 
21
202124100827 王硕	11	46758	 
  1   1   1   1   12   8   11   5   1   13   8 
19
202124100334 袁金宇	14	298476	 
  0   0   0   0   3   3   0   0   0   0   0   6   0   2 
24
202124100737 于文静	12	361978	 
  4   0   1   3   9   7   6   0   0   1   0   1 
23
202124100833 徐兴琴	11	498480	 
  12   1   0   0   3   2   0   5   0   1   2 
16
202124100101 安若涵	8	199812	 
  9   13   7   2   4   0   3   2 
17
202124100826 王凯源	12	22762	 
  1   3   8   2   28   0   2   1   0   3   4   1 
19
202124100218 李长春	12	147912	 
0   0   5   0   0   6   0   0   2   13   0   2 
15
202124100420 裴博飞	12	313619	 
  0   1   4   0   0   0   0   0   4   0   0   0 
19
202124100311 黎晓欣	10	224706	 
  0   0   1   1   1   3   0   0   0   0 
26
202124100837 张凯阳	11	345956	 
  7   0   5   0   1   0   0   0   1   0   0 
22
202124100236 闫星	10	43668	 
  0   0   0   0   0   0   0   0   0   0 
27
202124100628 肖清允	10	204942	 
  3   0   0   0   1   0   0   0  0   0  
28